怪物ID,,怪物名称（name）,等级（LV）,美术资源（res of animation）,怪物类别,攻击方式（attack distance）,生命（HP）,攻击（Atc）,防御（Def）,速度（Speed）,幸运（Focus）,闪避（dodge）,反击（Fight back）,格挡（block）,暴击（crit）,经验（Exp）,金钱（Money）,物品1（Item1）,物品2（Item2）,物品2（Item2）
M10101,1,小水泡泡,1,水泡泡,0,0,147,41,100,40,25,18,4,8,40,30,,,,
M10102,1,小幽灵,2,水鬼,0,1,250,60,25,60,50,4,5,9,30,50,,,,
M10103,1,小火球,3,火焰史莱姆,0,1,280,75,35,75,55,3,5,9,33,65,,,,
M10104,1,大脸怪,5,大脸怪,1,1,400,40,120,75,34,10,3,5,30,95,,,,
M20101,1,大虫子,9,冰晶虫,1,0,500,70,95,75,50,3,6,9,30,200,,,,
M10105,1,水泡泡,6,水泡泡,0,0,400,80,40,60,40,15,3,7,32,140,,,,
M10106,1,幽灵,7,水鬼,0,1,430,100,45,80,80,3,7,9,30,180,,,,
M10201,2,小青年,8,青年,0,1,2130,150,88,3125,7,1.8,1.7,1.85,1.89,20,,,,
M10202,2,码头侍卫,8,炎城侍卫,0,1,2530,140,84,3225,7,1.85,1.75,1.9,2,25,,,,
M10203,2,码头法师,8,传送阵维护者,0,0,2678,145,94,2857,8,1.9,1.8,2,2.1,30,,,,
M20201,2,铁拳,10,铁拳,1,1,3024,475,140,2500,15,2.5,2.65,3,3,70,,,,
M20202,2,寨主,10,寨主,1,0,3024,414,150,2325,16,2.8,2.55,3.1,3.3,75,,,,
M10204,2,巨脸,10,大脸怪,0,1,2809,225,125,2941,9,2.1,1.9,2.1,2.2,35,,,,
M10205,2,火蛋蛋,10,火焰史莱姆,0,1,2956,278,130,3030,9,2.2,1.95,2.2,2.3,40,,,,
M10206,2,小树人,11,树妖,0,1,3024,315,145,3030,10,2.35,2,2.3,2.5,45,,,,
M10207,2,水球球,11,水泡泡,0,0,3456,298,124,2941,10,2.55,2.05,2.4,2.6,50,,,,
M10208,2,礁石怪,12,大脸怪,0,1,3578,311,100,2857,10,2.85,2.1,2.5,2.7,55,,,,
M10209,2,海魂,12,水鬼,0,1,3736,333,123,3333,11,2.9,2.3,2.6,2.8,60,,,,
M10210,2,海树妖,12,树妖,0,1,4115,355,109,3571,11,2.95,2.5,2.7,2.9,65,,,,
M20203,2,硬壳虫,14,冰晶虫,1,0,4728,300,180,2173,15,3.75,3.5,5,4,80,,,,
M20204,2,雪人,15,大雪人,1,0,5050,400,185,2857,16,4,4,5.5,4.3,85,,,,
M10401,4,石脸怪,13,大脸怪,0,1,4335,377,137,2941,10,3,2.7,2.8,3,20,,,,
M10402,4,火魂,15,火魔,1,0,5634,534,164,2500,12,3.2,3,3.3,3.3,110,,,,
M10403,4,幽鬼,14,水鬼,0,1,4879,421,154,2380,11,3.1,2.9,3.1,3.2,60,,,,
M10404,4,水灵,13,水泡泡,0,0,4555,387,141,2857,10,3.05,2.8,2.9,3.1,25,,,,
M20401,4,发疯的女孩,16,女孩,1,1,7203,647,172,2380,15,5,5,5,5,150,,,,
M10501,5,龙狗,15,狗龙,0,1,5239,434,294,2564,12,3.3,3.1,3.4,3.4,20,,,,
M10502,5,仙人掌,16,仙人掌,0,1,5431,401,194,2000,13,3.5,3.3,3.6,3.6,30,,,,
M10503,5,飞廉怪,16,飞廉怪,0,0,5983,489,374,2325,13,3.7,3.4,3.7,3.7,40,,,,
M10504,5,大头怪,17,野猪怪,1,1,6098,489,304,2439,14,3.8,3.5,3.9,3.8,50,,,,
M10505,5,水晶虫,17,冰晶虫,0,0,4980,659,237,2702,14,3.9,3.6,4.1,3.9,60,,,,
M20501,5,血妖,18,血妖,1,1,7394,538,374,2222,20,5.5,5.5,6.5,6,120,,,,
M10506,5,老树精,17,树妖,0,1,5893,567,289,2380,14,4.1,3.7,4.2,4,75,,,,
M20502,5,灵魂医士,19,灵魂医士,1,0,7684,688,384,2173,22,5.9,6,7,6.5,130,,,,
M20503,5,小师妹,18,小师妹,1,0,9203,498,364,2127,21,5.8,5.9,6.5,6,140,,,,
M20504,5,随从,18,传送阵维护者,1,0,7384,433,435,1694,21,7,5.7,7,6,150,,,,
M10507,5,火灵,17,火焰史莱姆,0,1,5938,528,301,2325,14,4.3,3.75,4.3,4.1,80,,,,
M10508,5,雪怪,17,大雪人,0,0,6384,586,378,2272,14,4.4,3.8,4.4,4.2,50,,,,
M10509,5,小恶魔,17,小恶魔,0,0,6738,637,429,2222,15,4.6,3.85,4.5,4.3,45,,,,
M10510,5,沙虫,18,沙虫,0,1,7923,689,478,2173,15,4.7,4,4.6,4.5,40,,,,
M20505,5,蝙蝠妖,20,蝙蝠妖,1,1,8120,638,684,1851,21,6.5,6.5,8,7,110,,,,
M10601,6,镰刀杀手,19,飞廉怪,0,0,8394,728,446,2127,15,4.75,4.1,4.7,4.6,50,,,,
M10602,6,狗龙,19,狗龙,0,1,8495,736,452,2083,15,4.8,4.2,4.8,4.7,100,,,,
M10603,6,猪头怪,20,野猪怪,0,1,9012,832,493,1923,16,4.9,4.4,4.9,4.8,150,,,,
M10604,6,吸血鬼,21,血妖,0,1,9348,854,521,1886,16,5,4.5,5,4.9,50,,,,
M10605,6,雪妖,21,大雪人,0,0,9674,867,543,1851,16,5,4.6,5.3,5,100,,,,
M10606,6,冰虫,21,冰晶虫,0,0,10385,932,576,1818,17,5.1,4.7,5.5,5.5,60,,,,
M10607,6,初级鬼魔,22,小恶魔,0,0,11230,967,593,1818,17,5.2,4.8,5.7,6,70,,,,
M10608,6,冰晶骷髅,24,冰晶骷髅,0,0,12834,975,601,1785,17,5.3,4.9,5.9,6.5,80,,,,
M10701,7,游荡小兵,25,丛林小兵,0,1,,,,,,,,,,,,,,
M10702,7,丛林树人,26,树精,0,1,,,,,,,,,,,,,,
M10703,7,丛林收割者,27,丛林收割者,0,1,,,,,,,,,,,,,,
M10704,7,飞镰刺客,27,飞廉怪,0,0,,,,,,,,,,,,,,
M10705,7,沼泽甲虫,28,大甲虫,0,1,,,,,,,,,,,,,,
M10706,7,变异甲虫,28,大甲虫,1,1,,,,,,,,,,,,,,
M10707,7,沼泽毒蝎,28,沙漠毒蝎,1,1,,,,,,,,,,,,,,
M10708,7,刺客首领,28,飞廉怪,1,0,,,,,,,,,,,,,,
M10709,7,火焰史莱姆,28,火焰史莱姆,1,0,,,,,,,,,,,,,,
M10710,7,火焰怪,28,火魔,1,0,,,,,,,,,,,,,,
M10801,8,沙漠守卫,27,仙人掌,0,1,,,,,,,,,,,,,,
M10802,8,砂岩守卫,28,大脸怪,0,1,,,,,,,,,,,,,,
M10803,8,上古沙虫,28,冰晶虫,0,1,,,,,,,,,,,,,,
M10804,8,沙漠毒蝎,29,沙漠毒蝎,0,1,,,,,,,,,,,,,,
M10805,8,水晶沙虫,29,冰晶虫,0,0,,,,,,,,,,,,,,
M10806,8,绿洲守卫,29,丛林收割者,0,1,,,,,,,,,,,,,,
M10807,8,流沙亡魂,30,上古沙魂,0,1,,,,,,,,,,,,,,
M10808,8,灵泉守护者,31,守护兽,1,1,,,,,,,,,,,,,,
M10901,9,火焰灵体,31,火灵,0,0,,,,,,,,,,,,,,
M10902,9,火魔,31,火魔,0,0,,,,,,,,,,,,,,
M10903,9,小幽灵,31,水鬼,0,1,,,,,,,,,,,,,,
M10904,9,洞窟雪人,32,大雪人,0,1,,,,,,,,,,,,,,
M10905,9,上古火魂,33,上古火魂,0,1,,,,,,,,,,,,,,
M10906,9,火焰精灵,33,火焰精灵,1,0,,,,,,,,,,,,,,
M11001,10,岩石怪物,33,大脸怪,0,1,,,,,,,,,,,,,,
M11002,10,烈焰恶魔,33,小恶魔,0,1,,,,,,,,,,,,,,
M11003,10,死灵猎手,33,亡灵杀手,0,0,,,,,,,,,,,,,,
M11004,10,元素灵体,33,火灵,0,0,,,,,,,,,,,,,,
M11005,10,魔化火焰,33,火魔,0,1,,,,,,,,,,,,,,
M11006,10,迷宫火焰,33,火焰史莱姆,0,1,,,,,,,,,,,,,,
M11101,11,死亡晶虫,34,冰晶虫,0,1,,,,,,,,,,,,,,
M11102,11,冰晶魔骨,34,冰晶骷髅,0,1,,,,,,,,,,,,,,
M11103,11,远古雪人,34,大雪人,0,1,,,,,,,,,,,,,,
M11104,11,大冰人,34,上古冰魂,0,1,,,,,,,,,,,,,,
M11105,11,思维守卫,35,小机器人,0,1,,,,,,,,,,,,,,
M11106,11,思维重兵,35,守护重兵,0,1,,,,,,,,,,,,,,
M11107,11,思维守护者,36,思维守护者,0,0,,,,,,,,,,,,,,
M11108,11,时间傀儡,36,时间傀儡,1,1,,,,,,,,,,,,,,
M11201,12,游荡幽灵,37,水鬼,0,1,,,,,,,,,,,,,,
M11202,12,山地精怪,38,狗龙,0,1,,,,,,,,,,,,,,
M11203,12,毒蝎怪,39,沙漠毒蝎,0,1,,,,,,,,,,,,,,
M11204,12,山地甲虫,39,沼泽甲虫,0,1,,,,,,,,,,,,,,
M11205,12,魔化血妖,39,血妖,0,1,,,,,,,,,,,,,,
M11206,12,发疯的妹子,41,月亮公主,1,1,,,,,,,,,,,,,,
M11301,13,突袭忍者,41,飞廉怪,0,0,,,,,,,,,,,,,,
M11302,13,魔化水元素,43,水泡泡,0,0,,,,,,,,,,,,,,
M11303,13,山地树精,43,树妖,0,1,,,,,,,,,,,,,,
M11304,13,灵魂医师,43,灵魂医师,1,0,,,,,,,,,,,,,,
M11305,13,暗夜守卫,44,丛林小兵,0,1,,,,,,,,,,,,,,
M11306,13,魔化野猪怪,45,野猪怪,0,0,,,,,,,,,,,,,,
M11307,13,蝠妖杀手,45,蝙蝠妖,0,0,,,,,,,,,,,,,,
M11308,13,冰虫,45,水晶虫,1,0,,,,,,,,,,,,,,
M11401,14,魔化史莱姆,40,火焰史莱姆,0,0,,,,,,,,,,,,,,
M11402,14,熔岩火焰,40,火灵,0,0,,,,,,,,,,,,,,
M11403,14,魔化冰虫,40,冰晶沙虫,0,1,,,,,,,,,,,,,,
M11404,14,上古雪人,40,大雪人,0,1,,,,,,,,,,,,,,
M11405,14,火焰恶魔,40,火魔,0,1,,,,,,,,,,,,,,
M11501,15,魔化骷髅,40,冰晶骷髅,0,1,,,,,,,,,,,,,,
M11502,15,火元素,40,火灵,0,0,,,,,,,,,,,,,,
M11503,15,冰魂,40,上古冰魂,0,1,,,,,,,,,,,,,,
M11504,15,魔化沙魂,40,上古沙魂,0,1,,,,,,,,,,,,,,
M11505,15,复仇火焰,40,上古火魂,0,1,,,,,,,,,,,,,,
M11506,15,火焰精灵,42,火焰精灵,1,0,,,,,,,,,,,,,,
M11601,16,魔化水鬼,40,水鬼,0,1,,,,,,,,,,,,,,
M11602,16,魔化雪人,40,大雪人,0,1,,,,,,,,,,,,,,
M11603,16,上古冰魂,40,上古冰魂,0,1,,,,,,,,,,,,,,
M11604,16,死灵杀手,40,死灵杀手,0,0,,,,,,,,,,,,,,
M11605,16,上古冰虫,40,冰晶虫,0,1,,,,,,,,,,,,,,